

;调用文件		地图	X	Y	姓名		范围	代码	刷新时间
;领奖NPC   3 330  330  测试领奖   0	15	1
;公告牌/公告牌		3	337	340	公告牌		0	49	0
;公告牌/公告牌		0	332	261	公告牌		0	49	0
衣服NPC/红名村老人 3  848  673   传送\红名村老人  0	1	1
衣服NPC/男道士   1  215  312  重装传送 0	3	0	0	0	0	0
衣服NPC/男法师   1  320  56   重装传送 0	3	0	0	0	0	0
衣服NPC/男战士  R001  55 94   重装传送 0	3	0	0	0	0	0
衣服NPC/女道士  11  362  325  重装传送 0	3	0	0	0	0	0
衣服NPC/女法师  4   205  218  重装传送 0	3	0	0	0	0	0
衣服NPC/女战士  0   428  474  重装传送 0	3	0	0	0	0	0
地图开放/沃玛老兵1	1	54	165	老兵		0	1	1
地图开放/沃玛老兵	1	48	34	孤独老人	0	1	1
地图开放/毒蛇老兵1	2	297	60	老兵		0	1	1
地图开放/毒蛇老兵	2	558	76	老兵		0	1	1
地图开放/猪五老兵	D715	84	80	老兵		0	1	1
地图开放/祖玛五老兵	D505	122	11	老兵		0	1	1
地图开放/密道老兵	D701	103	156	白日门来使	0	15	1
地图开放/蜈蚣老兵	E603	31	191	老人		0	9	1
地图开放/白日门老兵	11	180     323    日门老兵	0	15	1
地图开放/封魔老兵	D2001	19	99	老兵		0	1	1
比奇城/理发店		0	322	266	比奇发型师	0	148	1
比奇城/武馆教头		3	337	322	武馆教头\勋章兑换	0	15	1
比奇城/比奇屠夫		0102	9	7	比奇屠夫	0	11	1
比奇城/比奇城屠夫	0	313	271	比奇城屠夫	0	4	1
比奇城/比奇卫家店	0103	19	18	比奇卫家店	0	1	1
比奇城/比奇铁匠铺老板	0	302	219	比奇铁匠铺老板	0	0	1
比奇城/比奇安家布衣	0106	19	6	比奇安家布衣	0	7	1
比奇城/比奇老兵		0	331	270	传送\比奇老兵	0	1	1
比奇城/比奇赖家店老板	0108	7	7	比奇赖家店老板	0	1	1
比奇城/比奇夏家店老板	0	324	291	比奇夏家店老板	0	5	1
比奇城/比奇杳水店老板	0109	4	8	比奇杳水店老板	0	9	1
比奇城/陈家铺子老板	0104	5	8	陈家铺子老板	0	2	1
比奇城/比奇书店老板	0	325	250	比奇书店老板	0	2	1
比奇城/比奇麦家铺子	0125	8	6	比奇麦家铺子	0	9	1
比奇城/比奇仓库保管员	0	301	257	比奇仓库保管员	0	12	1
比奇城/比奇杂货铺老板	0	378	298	比奇杂货铺老板	0	3	1
比奇城/比奇戒指店老板	0105	18	6	比奇戒指店老板	0	4	1
比奇城/比奇手镯店老板	0105	12	12	比奇手镯店老板	0	5	1
比奇城/比奇项链店老板	0105	6	18	比奇项链店老板	0	6	1
比奇城/助理小敏		0	628	601	助理小敏	0	5	1
比奇城/助理小敏		0	284	605	助理小敏	0	5	1
比奇城/网络文明宣传员	0	326	261	网络文明宣传员	0	5	1
银杏新人村/新人村许家店	0119	10	11	新人村许家店	0	1	1
银杏新人村/药房小老板	0119	14	14	药房小老板	0	9	1
银杏新人村/陈家铺老板	0	643	611	陈家铺老板	0	3	1
银杏新人村/精武馆老板	0	649	602	精武馆老板	0	0	1
银杏新人村/高家店老板	0	643	601	高家店老板	0	7	1
银杏新人村/新人村屠夫	0	649	591	新人村屠夫	0	11	1
银杏新人村/廖家店老板	0	621	642	廖家店老板	0	6	1
比奇村/边界村小店老板	0	291	610	边界村小店老板	0	1	1
比奇村/边界村铁匠铺	0	297	612	边界村铁匠铺	0	0	1
比奇村/边界村屠夫	0	293	603	边界村屠夫	0	11	1
比奇村/白家服装老板	0	305	607	白家服装老板	0	7	1
比奇村/边界村书店老板	0132	5	18	边界村书店老板	0	2	1
比奇村/边界村保管员	0140	8	9	边界村保管员	0	9	1
比奇村/边界村戒指店	0141	23	23	边界村戒指店	0	4	1
比奇村/边界村手镯店	0141	16	16	边界村手镯店	0	5	1
比奇村/边界村项链店	0141	10	10	边界村项链店	0	6	1
特殊NPC/高级武士	0114	14	9	高级武士	0	3	1
特殊NPC/超级武士	01141	14	9	超级武士	0	3	1
特殊NPC/特级武士	01142	11	10	特级武士	0	3	1
特殊NPC/高级道士	0113	7	5	高级道士	0	3	1
特殊NPC/超级道士	01132	11	10	超级道士	0	3	1
特殊NPC/高级魔法师	0115	5	11	高级魔法师	0	3	1
特殊NPC/超级魔法师	01152	11	10	超级魔法师	0	3	1
特殊NPC/沃玛铁匠	1	314	72	沃玛铁匠	0	0	1
特殊NPC/沃玛商人	1	309	81	沃玛商人	0	4	1
特殊NPC/沃玛老人	1	235	305	沃玛老人	0	9	1
特殊NPC/森林老人	1	96	290	森林老人	0	3	1
特殊NPC/仓库保管员	D002	174	216	仓库保管员	0	3	1
特殊NPC/刘老头		D002	187	214	刘老头	0	9	1
特殊NPC/洞穴不法小贩	DM001	4	6	洞穴不法小贩	0	9	1
特殊NPC/不法小贩	DM011	4	6	不法小贩	0	9	1
毒蛇山谷/朴铁匠		0120	7	8	朴铁匠	0	0	1
毒蛇山谷/铁匠		2	518	492	铁匠	0	0	1
毒蛇山谷/薄家药铺老板	0117	4	10	薄家药铺老板	0	1	1
毒蛇山谷/药铺老板	2	505	497	药铺老板	0	1	1
毒蛇山谷/罗家铺子老板	2	505	479	罗家铺子老板	0	3	1
毒蛇山谷/米家服装老板	2	517	477	米家服装老板	0	7	1
毒蛇山谷/山谷仓库保管员	2	517	466	山谷仓库保管员	0	12	1
毒蛇山谷/山谷老人	3	855	661	传送\山谷老人	0	3	1
盟重土城/盟重仓库保管员	0145	9	12	盟重仓库保管员	0	12	1
盟重土城/悦来客栈老板	3	305	373	悦来客栈老板	0	12	1
盟重土城/张家布衣老板	0149	23	20	张家布衣老板	0	7	1
盟重土城/盟重手套店老板	0149	11	18	盟重手套店老板	0	4	1
盟重土城/盟重老张头盔店	0149	8	5	盟重老张头盔店	0	5	1
盟重土城/盟重铁匠铺老板	0159	5	9	盟重铁匠铺老板	0	0	1
盟重土城/罗家铺子老板	0160	5	8	罗家铺子老板	0	1	1
盟重土城/盟重戒指店老板	0158	11	16	盟重戒指店老板	0	5	1
盟重土城/盟重手镯店老板	0158	16	11	盟重手镯店老板	0	6	1
盟重土城/盟重项链店老板	0158	4	21	盟重项链店老板	0	4	1
盟重土城/盟重流浪汉	3	346	334	盟重流浪汉	0	3	1
盟重土城/盟重屠夫	3	355	329	盟重屠夫	0	11	1
盟重土城/盟重药店老板	3	361	335	盟重药店老板	0	1	1
盟重土城/盟重书店老板	0161	11	16	盟重书店老板	0	2	1
盟重土城/网络文明宣传员	3	297	302	网络文明宣传员	0	5	1
盟重土城/盟重彩票员	3	284	343	盟重彩票员	0	3	1
盟重土城/盟重老兵	3	335	330	传送\盟重老兵	0	1	1
盟重土城/理发店		3	334	322	新发型新RP\盟重发型师	0	148	1
盟重土城/活动		3	323	337	活动使者	0	18	1
盟重土城/分解		3	326	337	装备分解	0	143	1
苍月/苍月岛_老兵	5	139	326	传送\海岛老兵	0	1	1	0	0	0	0
苍月/苍月岛_杂货	5	137	313	杂货铺老板	0	3	1	0	0	0	0
苍月/苍月岛_武器	5	127	306	武器店老板	0	1	1	0	0	0	0
苍月/苍月岛_首饰	5	155	339	首饰店老板	0	4	1	0	0	0	0
苍月/苍月岛_衣服	5	147	328	服装店老板	0	7	1	0	0	0	0
苍月/苍月岛_保管	5	126	331	仓库保管员	0	3	1	0	0	0	0
苍月/苍月岛_药店	5	148	352	药铺老板	0	1	1	0	0	0	0
苍月/恶魔老兵	5	139	337	恶魔老兵	0	26	1	0	0

;沙巴克
沙巴克\沙巴克_书店		new0155	27	35	沙巴克书店老板		0	18	1
沙巴克\沙巴克_屠夫		3	614	331	沙巴克屠夫		0	11	1
沙巴克\沙巴克_杂货铺		3	628	348	沙巴克小贩		0	3	1
沙巴克\沙巴克_武器店		new0151	22	36	沙巴克武器铺		0	0	1
沙巴克\沙巴克_武器升级		new0151	31	27	炼武器老板		0	0	1
沙巴克\沙巴克_炼药店		new0153	22	37	毒药老板		0	9	1
沙巴克\沙巴克_药店		new0153	28	32	沙巴克药店		0	1	1
沙巴克\沙巴克_手镯店	new01581	22	40	沙巴克手镯店		0	6	1
沙巴克\沙巴克_项链店	new01581	30	32	沙巴克项链店		0	6	1
沙巴克\沙巴克_戒指店	new01581	29	38	沙巴克戒指店		0	5	1
沙巴克\沙巴克_服饰店		new0152	21	23	沙巴克布衣店		0	7	1
沙巴克\沙巴克_头盔店		new0152	16	28	沙巴克头盔店		0	5	1
沙巴克\沙巴克_商人	new01571	21	30	沙巴克商人		0	9	1

特殊NPC/蜈蚣洞服装小贩	D608	30	22	蜈蚣洞服装小贩	0	3	1
特殊NPC/祖玛阁药品小贩	D5063	62	36	祖玛阁药品小贩	0	1	1
特殊NPC/石墓阵武器店	D71650	23	27	石墓阵武器店	0	0	1
特殊NPC/石墓阵服装店	D71651	23	27	石墓阵服装店	0	7	1
特殊NPC/石墓阵药品店	D71601	22      12	石墓阵药品店	0	3	1
特殊NPC/石墓阵首饰店	D71652	23	27	石墓阵首饰店	0	5	1
特殊NPC/特殊商人	0126	10	10	特殊商人	0	9	1
特殊NPC/东方商人	0146	4	11	东方商人	0	9	1
白日门/白日门武器店	1001	14	12	白日门武器店	0	15	1
白日门/白日门杂货店	1007	11	14	白日门杂货店	0	17	1
白日门/白日门首饰店	1005	9	11	白日门首饰店	0	20	1
白日门/白日门服装店	1003	13	16	白日门服装店	0	23	1
白日门/白日门药店老板	1006	9	10	白日门药店老板	0	22	1
白日门/白日门药剂师	1006	12	7	白日门药剂师	0	25	1
白日门/白日门书店老板	1004	9	11	白日门书店老板	0	18	1
白日门/白日门保管员	11	184	296	白日门保管员	0	18	1
白日门/白日门向导	11	186	298	白日门向导	0	15	1
白日门/熔岩之地	11	346	325	熔岩之地\危险          	0	15	1
白日门/白日门天尊	1002	14	13	白日门天尊	0	14	1
白日门/白日门勇士	D1002	266	49	白日门勇士	0	15	1
白日门/白日门勇士	D1004	67	230	白日门勇士	0	15	1
特殊NPC/桃源神秘老人	R001	21	83	桃源神秘老人	0	9	1
封魔谷/沃玛教主		b341	17	22	沃玛教主	0	27	1
封魔谷/恶魔老兵		4	238	194	恶魔老兵	0	29	1
封魔谷/恶魔杂货匠	4	255	224	恶魔杂货匠	0	17	1
封魔谷/恶魔屠夫		4	243	187	恶魔屠夫	0	11	1
封魔谷/恶魔铁匠		4	227	223	恶魔铁匠	0	30	1
封魔谷/恶魔首饰店老板	b344	13	10	恶魔首饰店老板	0	31	1
封魔谷/恶魔保管员	b347	9	10	恶魔保管员	0	10	1
封魔谷/恶魔布店老板	b345	12	10	恶魔布店老板	0	32	1
封魔谷/恶魔学者		b343	5	18	恶魔学者	0	30	1
封魔谷/恶魔炼药师	b343	15	9	恶魔炼药师	0	22	1
封魔谷/恶魔药剂师	b343	9	13	恶魔药剂师	0	28	1
封魔谷/恶魔铁匠铺老板	b342	14	7	恶魔铁匠铺老板	0	30	1
封魔谷/恶魔修理师	d2008	31	24	恶魔修理师	0	30	1
封魔谷/红娘		M101	29	32	红娘		0	12	1
特殊NPC/神秘老人	2	515	464	神秘老人	0	9	1
特殊NPC/踏云尊者	0113	8	8	踏云尊者	0	14	1
特殊NPC/论武尊		r001	100	93	论武尊		0	15	1
NPC配置/装备回收	3	335	327	回收装备\装备回收掌柜		0	147	0
NPC配置/装备回收	0	325     266	回收装备\装备回收掌柜		0	147	0
NPC配置/金币换元宝 3 325  322 兑换\金刚石兑换武器 0 173 0
NPC配置/金币换元宝 0 329  266 兑换\金刚石兑换武器 0 173 0
教皇古墓		3	328	322	教皇古墓\高级组队副本		0	64.5	0
玩家必读		0	645	624	玩家必读\复古传奇攻略		0	64.0	0
爆率列表		3	335	333	爆率列表\知彼知己◆百战不殆		0	141	0
极品属性重置		3	331	322	极品属性重置\装备属性洗练		0	153	0
玩家必读		3	338	338	玩家必读\复古传奇攻略		0	64.0	0
苍月/一层传送	mh1	17	17	二层传送员\点我传送		                0	2	0
苍月/二层传送	mh2	85	81	三层传送员\点我传送		                0	2	0
苍月/三层传送	mh3	130	112	四层传送员\点我传送		                0	2	0
苍月/四层传送	mh4	69	56	五层传送员\点我传送		                0	2	0
圣兽殿堂         	R001 	100	99	圣兽殿堂使者		                0	72	0
未知洞穴         	1 	211	526	未知洞穴使者		                0	3	0
熔岩三层传送        	dyzd2	34	24	熔岩三层传送		                0	15	0
